init NichePSO algoritm ...
	
[[num roots0, value theta0, niches0, error niches0], [], ...]
0 - [1, -0.29999999999999999, [[0, 7.5427193133877809e-09]], [2.2628157940163336e-09]]
1 - [5, -0.1999999999999999, [[0, -0.85065080887460232], [0, -3.181335454366463e-10], [0, 0.5257311177539592], [0, 0.85065076505642445], [0, -0.52573110812285295]], [3.382094191358933e-10, 6.362670908732923e-11, 1.39300555708965e-09, 2.802150433561618e-08, 9.879348652317383e-10]]
2 - [5, -0.099999999999999811, [[0, -0.94196513829798068], [0, -0.33571068739918747], [0, 1.8214124465009951e-08], [0, 0.33571077186472731], [0, 0.94196511879397593]], [9.377378281008441e-09, 6.625228433453375e-11, 1.8214124465009857e-09, 1.4813658733249433e-08, 3.618751467410975e-08]]
3 - [3, 2.7755575615628914e-16, [[0, -0.99999999780046589], [0, 1.0000000023102114], [0, -5.3102532320613662e-08]], [4.399068469334211e-09, 4.620422465565783e-09, 1.6448162600318878e-22]]
4 - [3, 0.10000000000000037, [[0, -1.0448004493494465], [0, 1.0448004667832604], [0, 1.1793865862001415e-08]], [8.045885860052862e-10, 4.5839897673080374e-08, 1.1793865862001474e-09]]
5 - [3, 0.20000000000000046, [[0, -1.0820445451306822], [0, -8.1277433802997137e-09], [0, 1.0820445334250199]], [6.383376465026564e-09, 1.6255486760599468e-09, 3.03916085282588e-08]]
<=====================>
error
	
[[num roots0, value theta0, niches0, error niches0], [], ...]
0 - [1, -0.29999999999999999, [[0, 7.5427193133877809e-09]], [2.2628157940163336e-09]]
1 - [1, -0.29999999999999999, [[0, 7.5427193133877809e-09]], [2.2628157940163336e-09]]
2 - [3, -0.24999999999999994, [[0, 1.4754135168363906e-08], [0, 0.70710680877899323], [0, -0.70710677510645503]], [3.6885337920909724e-09, 1.0401862944677442e-15, 3.925231112958144e-17]]
3 - [5, -0.1999999999999999, [[0, -0.85065080887460232], [0, -3.181335454366463e-10], [0, 0.5257311177539592], [0, 0.85065076505642445], [0, -0.52573110812285295]], [3.382094191358933e-10, 6.362670908732923e-11, 1.39300555708965e-09, 2.802150433561618e-08, 9.879348652317383e-10]]
4 - [5, -0.1999999999999999, [[0, -0.85065080887460232], [0, -3.181335454366463e-10], [0, 0.5257311177539592], [0, 0.85065076505642445], [0, -0.52573110812285295]], [3.382094191358933e-10, 6.362670908732923e-11, 1.39300555708965e-09, 2.802150433561618e-08, 9.879348652317383e-10]]
5 - [5, -0.049999999999999767, [[0, -0.97324904392462519], [0, -0.22975290597409551], [0, 0.22975302653608848], [0, 0.97324920042476948], [0, 3.4674215931296442e-08]], [9.227326212588718e-08, 1.3761123670144296e-09, 1.0008224229455147e-08, 3.5745162363410827e-07, 1.7337107965647723e-09]]
6 - [3, 2.7755575615628914e-16, [[0, -0.99999999780046589], [0, 1.0000000023102114], [0, -5.3102532320613662e-08]], [4.399068469334211e-09, 4.620422465565783e-09, 1.6448162600318878e-22]]
7 - [3, 0.10000000000000037, [[0, -1.0448004493494465], [0, 1.0448004667832604], [0, 1.1793865862001415e-08]], [8.045885860052862e-10, 4.5839897673080374e-08, 1.1793865862001474e-09]]
8 - [3, 0.20000000000000046, [[0, -1.0820445451306822], [0, -8.1277433802997137e-09], [0, 1.0820445334250199]], [6.383376465026564e-09, 1.6255486760599468e-09, 3.03916085282588e-08]]
<=====================>
error
error
	
[[num roots0, value theta0, niches0, error niches0], [], ...]
0 - [1, -0.29999999999999999, [[0, 7.5427193133877809e-09]], [2.2628157940163336e-09]]
1 - [1, -0.25078124999999996, [[0, 6.3803069056872483e-08]], [1.6000613411918542e-08]]
2 - [3, -0.24999999999999994, [[0, 1.4754135168363906e-08], [0, 0.70710680877899323], [0, -0.70710677510645503]], [3.6885337920909724e-09, 1.0401862944677442e-15, 3.925231112958144e-17]]
3 - [5, -0.23749999999999993, [[0, -0.623054290489236], [0, -2.9056840009370086e-09], [0, 0.62305425216505694], [0, 0.78217862330115862], [0, -0.78217863594471659]], [6.6555591111414415e-09, 6.900999502225393e-10, 2.22190328733538e-12, 2.1983947794889722e-11, 3.4373798753651853e-09]]
4 - [5, -0.1999999999999999, [[0, -0.85065080887460232], [0, -3.181335454366463e-10], [0, 0.5257311177539592], [0, 0.85065076505642445], [0, -0.52573110812285295]], [3.382094191358933e-10, 6.362670908732923e-11, 1.39300555708965e-09, 2.802150433561618e-08, 9.879348652317383e-10]]
5 - [5, -0.049999999999999767, [[0, -0.97324904392462519], [0, -0.22975290597409551], [0, 0.22975302653608848], [0, 0.97324920042476948], [0, 3.4674215931296442e-08]], [9.227326212588718e-08, 1.3761123670144296e-09, 1.0008224229455147e-08, 3.5745162363410827e-07, 1.7337107965647723e-09]]
6 - [3, 2.7755575615628914e-16, [[0, -0.99999999780046589], [0, 1.0000000023102114], [0, -5.3102532320613662e-08]], [4.399068469334211e-09, 4.620422465565783e-09, 1.6448162600318878e-22]]
7 - [3, 0.10000000000000037, [[0, -1.0448004493494465], [0, 1.0448004667832604], [0, 1.1793865862001415e-08]], [8.045885860052862e-10, 4.5839897673080374e-08, 1.1793865862001474e-09]]
8 - [3, 0.20000000000000046, [[0, -1.0820445451306822], [0, -8.1277433802997137e-09], [0, 1.0820445334250199]], [6.383376465026564e-09, 1.6255486760599468e-09, 3.03916085282588e-08]]
<=====================>
	
[[num roots0, value theta0, niches0, error niches0], [], ...]
0 - [1, -0.29999999999999999, [[0, 7.5427193133877809e-09]], [2.2628157940163336e-09]]
1 - [1, -0.25078124999999996, [[0, 6.3803069056872483e-08]], [1.6000613411918542e-08]]
2 - [3, -0.24999999999999994, [[0, 1.4754135168363906e-08], [0, 0.70710680877899323], [0, -0.70710677510645503]], [3.6885337920909724e-09, 1.0401862944677442e-15, 3.925231112958144e-17]]
3 - [5, -0.23749999999999993, [[0, -0.623054290489236], [0, -2.9056840009370086e-09], [0, 0.62305425216505694], [0, 0.78217862330115862], [0, -0.78217863594471659]], [6.6555591111414415e-09, 6.900999502225393e-10, 2.22190328733538e-12, 2.1983947794889722e-11, 3.4373798753651853e-09]]
4 - [5, -0.1999999999999999, [[0, -0.85065080887460232], [0, -3.181335454366463e-10], [0, 0.5257311177539592], [0, 0.85065076505642445], [0, -0.52573110812285295]], [3.382094191358933e-10, 6.362670908732923e-11, 1.39300555708965e-09, 2.802150433561618e-08, 9.879348652317383e-10]]
5 - [5, -0.049999999999999767, [[0, -0.97324904392462519], [0, -0.22975290597409551], [0, 0.22975302653608848], [0, 0.97324920042476948], [0, 3.4674215931296442e-08]], [9.227326212588718e-08, 1.3761123670144296e-09, 1.0008224229455147e-08, 3.5745162363410827e-07, 1.7337107965647723e-09]]
6 - [3, 2.7755575615628914e-16, [[0, -0.99999999780046589], [0, 1.0000000023102114], [0, -5.3102532320613662e-08]], [4.399068469334211e-09, 4.620422465565783e-09, 1.6448162600318878e-22]]
7 - [3, 0.10000000000000037, [[0, -1.0448004493494465], [0, 1.0448004667832604], [0, 1.1793865862001415e-08]], [8.045885860052862e-10, 4.5839897673080374e-08, 1.1793865862001474e-09]]
8 - [3, 0.20000000000000046, [[0, -1.0820445451306822], [0, -8.1277433802997137e-09], [0, 1.0820445334250199]], [6.383376465026564e-09, 1.6255486760599468e-09, 3.03916085282588e-08]]
<=====================>
